 WL        Abs       T%
 190.0  2.848857   0.141626
 191.0  2.727582   0.187248
 192.0  3.324125   0.047411
 193.0  3.034395   0.092386
 194.0  3.164634   0.068449
 195.0  3.077757   0.083607
 196.0  3.298083   0.050340
 197.0  3.448159   0.035632
 198.0  3.403793   0.039465
 199.0  3.485743   0.032678
 200.0  3.289440   0.051352
 201.0  3.206491   0.062160
 202.0  3.329947   0.046779
 203.0  3.528253   0.029631
 204.0  3.307237   0.049290
 205.0  3.390509   0.040690
 206.0  3.583510   0.026091
 207.0  3.617941   0.024102
 208.0  3.449565   0.035517
 209.0  3.389606   0.040775
 210.0  3.506819   0.031130
 211.0  3.680916   0.020849
 212.0  3.584207   0.026049
 213.0  3.473047   0.033648
 214.0  3.511197   0.030818
 215.0  3.357471   0.043907
 216.0  3.815410   0.015296
 217.0  3.772493   0.016885
 218.0  3.605871   0.024782
 219.0  3.500634   0.031577
 220.0  3.776619   0.016726
 221.0  3.885424   0.013019
 222.0  3.658475   0.021955
 223.0  3.923835   0.011917
 224.0  3.792809   0.016114
 225.0  3.797546   0.015939
 226.0  3.629674   0.023460
 227.0  3.628400   0.023529
 228.0  4.224698   0.005961
 229.0  3.796299   0.015985
 230.0  3.991933   0.010187
 231.0  3.798128   0.015917
 232.0  3.864180   0.013672
 233.0  3.944464   0.011364
 234.0  4.063164   0.008646
 235.0  4.011746   0.009733
 236.0  3.859003   0.013836
 237.0  3.978289   0.010513
 238.0  3.976931   0.010546
 239.0  4.057375   0.008762
 240.0  4.377131   0.004196
 241.0  4.213265   0.006120
 242.0  4.070666   0.008498
 243.0  4.010796   0.009754
 244.0  4.089789   0.008132
 245.0  3.996618   0.010078
 246.0  3.977091   0.010542
 247.0  3.990376   0.010224
 248.0  4.285724   0.005179
 249.0  4.076768   0.008380
 250.0  3.806454   0.015615
 251.0  3.955062   0.011090
 252.0  4.127250   0.007460
 253.0  3.949680   0.011228
 254.0  3.929775   0.011755
 255.0  3.876939   0.013276
 256.0  4.029063   0.009353
 257.0  3.991241   0.010204
 258.0  4.023561   0.009472
 259.0  4.044316   0.009030
 260.0  4.074385   0.008426
 261.0  3.892342   0.012813
 262.0  3.821334   0.015089
 263.0  3.986178   0.010323
 264.0  4.241347   0.005737
 265.0  3.956434   0.011055
 266.0  3.757490   0.017479
 267.0  3.817737   0.015215
 268.0  3.721559   0.018986
 269.0  3.731932   0.018538
 270.0  3.829105   0.014822
 271.0  3.605577   0.024798
 272.0  3.706519   0.019655
 273.0  3.767966   0.017062
 274.0  3.838964   0.014489
 275.0  3.700373   0.019936
 276.0  3.605218   0.024819
 277.0  3.680048   0.020891
 278.0  3.613763   0.024335
 279.0  3.800389   0.015835
 280.0  3.796820   0.015965
 281.0  3.707062   0.019631
 282.0  3.685439   0.020633
 283.0  3.659393   0.021908
 284.0  3.662382   0.021758
 285.0  3.575689   0.026565
 286.0  3.528347   0.029625
 287.0  3.486863   0.032594
 288.0  3.499965   0.031625
 289.0  3.504146   0.031322
 290.0  3.329814   0.046794
 291.0  3.236930   0.057952
 292.0  3.166955   0.068084
 293.0  3.029892   0.093349
 294.0  2.941433   0.114437
 295.0  2.815761   0.152841
 296.0  2.698108   0.200397
 297.0  2.616720   0.241702
 298.0  2.475119   0.334874
 299.0  2.375274   0.421430
 300.0  2.281630   0.522842
 301.0  2.171851   0.673208
 302.0  2.107324   0.781045
 303.0  1.999018   1.002263
 304.0  1.923661   1.192171
 305.0  1.855833   1.393694
 306.0  1.788932   1.625804
 307.0  1.722317   1.895323
 308.0  1.657366   2.201072
 309.0  1.602349   2.498339
 310.0  1.546319   2.842371
 311.0  1.492185   3.219695
 312.0  1.443427   3.602242
 313.0  1.393625   4.039936
 314.0  1.349553   4.471436
 315.0  1.311039   4.886085
 316.0  1.276348   5.292398
 317.0  1.244445   5.695799
 318.0  1.213061   6.122641
 319.0  1.183631   6.551920
 320.0  1.155647   6.988008
 321.0  1.130400   7.406283
 322.0  1.105916   7.835816
 323.0  1.084288   8.235915
 324.0  1.062433   8.660970
 325.0  1.041408   9.090590
 326.0  1.021358   9.520100
 327.0  1.003971   9.908984
 328.0  0.988081  10.278255
 329.0  0.974354  10.608314
 330.0  0.960540  10.951159
 331.0  0.947564  11.283309
 332.0  0.935398  11.603838
 333.0  0.924225  11.906244
 334.0  0.913300  12.209565
 335.0  0.903949  12.475307
 336.0  0.894725  12.743102
 337.0  0.885400  13.019680
 338.0  0.876855  13.278391
 339.0  0.872734  13.404973
 340.0  0.874665  13.345508
 341.0  0.867567  13.565399
 342.0  0.861135  13.767829
 343.0  0.854574  13.977377
 344.0  0.848436  14.176348
 345.0  0.842557  14.369531
 346.0  0.837382  14.541788
 347.0  0.831955  14.724660
 348.0  0.826721  14.903167
 349.0  0.821665  15.077707
 350.0  0.816482  15.258701
 351.0  0.811574  15.432127
 352.0  0.806653  15.607994
 353.0  0.802684  15.751296
 354.0  0.801340  15.800094
 355.0  0.790641  16.194197
 356.0  0.780730  16.568005
 357.0  0.772683  16.877853
 358.0  0.765935  17.142122
 359.0  0.760673  17.351107
 360.0  0.756674  17.511595
 361.0  0.753836  17.626400
 362.0  0.752553  17.678545
 363.0  0.752089  17.697481
 364.0  0.752546  17.678862
 365.0  0.754383  17.604235
 366.0  0.757160  17.492008
 367.0  0.749974  17.783863
 368.0  0.746816  17.913645
 369.0  0.743514  18.050364
 370.0  0.741389  18.138901
 371.0  0.737881  18.286015
 372.0  0.735034  18.406290
 373.0  0.731969  18.536625
 374.0  0.729028  18.662615
 375.0  0.726013  18.792608
 376.0  0.723052  18.921181
 377.0  0.720148  19.048111
 378.0  0.717153  19.179926
 379.0  0.713798  19.328653
 380.0  0.710419  19.479662
 381.0  0.706852  19.640297
 382.0  0.703263  19.803278
 383.0  0.699447  19.978027
 384.0  0.696356  20.120745
 385.0  0.692271  20.310915
 386.0  0.688354  20.494915
 387.0  0.684552  20.675116
 388.0  0.680446  20.871532
 389.0  0.676409  21.066450
 390.0  0.672522  21.255835
 391.0  0.668664  21.445469
 392.0  0.664911  21.631605
 393.0  0.660908  21.831924
 394.0  0.657467  22.005571
 395.0  0.653616  22.201595
 396.0  0.650125  22.380774
 397.0  0.646444  22.571247
 398.0  0.643100  22.745729
 399.0  0.639335  22.943787
 400.0  0.635627  23.140507
 401.0  0.631939  23.337843
 402.0  0.628501  23.523325
 403.0  0.624940  23.717018
 404.0  0.621400  23.911139
 405.0  0.618149  24.090799
 406.0  0.614657  24.285252
 407.0  0.611367  24.469927
 408.0  0.608065  24.656723
 409.0  0.604924  24.835665
 410.0  0.601617  25.025488
 411.0  0.598225  25.221737
 412.0  0.594991  25.410242
 413.0  0.591760  25.599985
 414.0  0.588485  25.793795
 415.0  0.585485  25.972548
 416.0  0.582308  26.163252
 417.0  0.579335  26.342987
 418.0  0.576296  26.527971
 419.0  0.573230  26.715918
 420.0  0.570251  26.899820
 421.0  0.567266  27.085331
 422.0  0.564476  27.259876
 423.0  0.561793  27.428783
 424.0  0.558942  27.609468
 425.0  0.556195  27.784653
 426.0  0.553407  27.963575
 427.0  0.550541  28.148756
 428.0  0.547897  28.320637
 429.0  0.545241  28.494343
 430.0  0.542584  28.669231
 431.0  0.540033  28.838118
 432.0  0.537570  29.002129
 433.0  0.535159  29.163609
 434.0  0.532790  29.323103
 435.0  0.530511  29.477411
 436.0  0.528109  29.640844
 437.0  0.525715  29.804693
 438.0  0.523165  29.980200
 439.0  0.520787  30.144865
 440.0  0.518479  30.305445
 441.0  0.516152  30.468266
 442.0  0.513919  30.625372
 443.0  0.511687  30.783152
 444.0  0.509519  30.937227
 445.0  0.507406  31.088079
 446.0  0.505188  31.247292
 447.0  0.503049  31.401560
 448.0  0.501027  31.548120
 449.0  0.499032  31.693321
 450.0  0.497361  31.815531
 451.0  0.494847  32.000237
 452.0  0.492689  32.159599
 453.0  0.490796  32.300076
 454.0  0.488657  32.459553
 455.0  0.486716  32.604954
 456.0  0.484705  32.756332
 457.0  0.482896  32.893059
 458.0  0.481040  33.033901
 459.0  0.479112  33.180904
 460.0  0.477347  33.316002
 461.0  0.475493  33.458534
 462.0  0.473816  33.587986
 463.0  0.471892  33.737091
 464.0  0.470030  33.882107
 465.0  0.468246  34.021526
 466.0  0.466449  34.162613
 467.0  0.464713  34.299431
 468.0  0.463050  34.431019
 469.0  0.461424  34.560219
 470.0  0.459811  34.688744
 471.0  0.458084  34.826984
 472.0  0.456731  34.935677
 473.0  0.455068  35.069717
 474.0  0.453470  35.198944
 475.0  0.451790  35.335373
 476.0  0.450231  35.462486
 477.0  0.448755  35.583237
 478.0  0.447152  35.714809
 479.0  0.445580  35.844299
 480.0  0.444164  35.961327
 481.0  0.442584  36.092457
 482.0  0.441106  36.215431
 483.0  0.439750  36.328716
 484.0  0.438337  36.447136
 485.0  0.436844  36.572586
 486.0  0.435462  36.689209
 487.0  0.433953  36.816868
 488.0  0.432585  36.933075
 489.0  0.431096  37.059914
 490.0  0.429651  37.183357
 491.0  0.428175  37.309940
 492.0  0.426799  37.428402
 493.0  0.425475  37.542679
 494.0  0.424059  37.665249
 495.0  0.422668  37.786137
 496.0  0.421392  37.897278
 497.0  0.420014  38.017735
 498.0  0.418738  38.129555
 499.0  0.417350  38.251671
 500.0  0.415972  38.373177
 501.0  0.414607  38.494015
 502.0  0.413364  38.604290
 503.0  0.412033  38.722858
 504.0  0.410814  38.831627
 505.0  0.409469  38.952080
 506.0  0.408489  39.040085
 507.0  0.407239  39.152596
 508.0  0.405910  39.272652
 509.0  0.404617  39.389767
 510.0  0.403269  39.512142
 511.0  0.401903  39.636654
 512.0  0.400611  39.754734
 513.0  0.399360  39.869400
 514.0  0.398020  39.992619
 515.0  0.396933  40.092892
 516.0  0.395651  40.211395
 517.0  0.394338  40.333179
 518.0  0.392961  40.461243
 519.0  0.391724  40.576668
 520.0  0.390453  40.695526
 521.0  0.389354  40.798649
 522.0  0.388045  40.921783
 523.0  0.386895  41.030369
 524.0  0.385706  41.142784
 525.0  0.384347  41.271763
 526.0  0.383124  41.388172
 527.0  0.381846  41.510113
 528.0  0.380651  41.624542
 529.0  0.379488  41.736126
 530.0  0.378328  41.847744
 531.0  0.377125  41.963783
 532.0  0.375957  42.076874
 533.0  0.374888  42.180508
 534.0  0.373682  42.297844
 535.0  0.372579  42.405399
 536.0  0.371361  42.524464
 537.0  0.370180  42.640320
 538.0  0.368988  42.757500
 539.0  0.367840  42.870640
 540.0  0.366698  42.983555
 541.0  0.365563  43.096046
 542.0  0.364326  43.218906
 543.0  0.363280  43.323189
 544.0  0.362388  43.412243
 545.0  0.361479  43.503139
 546.0  0.360384  43.613007
 547.0  0.359351  43.716824
 548.0  0.358353  43.817425
 549.0  0.357368  43.916969
 550.0  0.356325  44.022541
 551.0  0.355337  44.122791
 552.0  0.354344  44.223782
 553.0  0.353389  44.321171
 554.0  0.352383  44.423965
 555.0  0.351412  44.523361
 556.0  0.350036  44.664654
 557.0  0.349106  44.760395
 558.0  0.347994  44.875160
 559.0  0.346908  44.987503
 560.0  0.345853  45.096897
 561.0  0.344813  45.205055
 562.0  0.343778  45.312950
 563.0  0.342760  45.419247
 564.0  0.341728  45.527340
 565.0  0.340742  45.630756
 566.0  0.339809  45.728920
 567.0  0.339110  45.802635
 568.0  0.338267  45.891621
 569.0  0.337461  45.976879
 570.0  0.336731  46.054153
 571.0  0.335922  46.140079
 572.0  0.335156  46.221489
 573.0  0.334388  46.303303
 574.0  0.333613  46.386005
 575.0  0.332767  46.476402
 576.0  0.332019  46.556576
 577.0  0.331044  46.661255
 578.0  0.330294  46.741898
 579.0  0.329274  46.851788
 580.0  0.328434  46.942505
 581.0  0.327575  47.035446
 582.0  0.326638  47.136982
 583.0  0.325809  47.227097
 584.0  0.324936  47.322056
 585.0  0.324491  47.370598
 586.0  0.305435  49.495411
 587.0  0.313603  48.573215
 588.0  0.321506  47.697372
 589.0  0.321078  47.744331
 590.0  0.320275  47.832691
 591.0  0.319579  47.909389
 592.0  0.318846  47.990414
 593.0  0.318153  48.066982
 594.0  0.317385  48.152119
 595.0  0.316734  48.224258
 596.0  0.316041  48.301270
 597.0  0.315353  48.377880
 598.0  0.314608  48.461002
 599.0  0.313945  48.535004
 600.0  0.313213  48.616898
 601.0  0.312535  48.692848
 602.0  0.311765  48.779270
 603.0  0.311053  48.859322
 604.0  0.310431  48.929340
 605.0  0.309752  49.005901
 606.0  0.309119  49.077328
 607.0  0.308500  49.147320
 608.0  0.307860  49.219841
 609.0  0.307171  49.297993
 610.0  0.306561  49.367313
 611.0  0.306005  49.430485
 612.0  0.305338  49.506512
 613.0  0.304691  49.580273
 614.0  0.304020  49.656952
 615.0  0.303355  49.733097
 616.0  0.302772  49.799854
 617.0  0.302164  49.869617
 618.0  0.301524  49.943153
 619.0  0.300924  50.012196
 620.0  0.300372  50.075840
 621.0  0.299748  50.147793
 622.0  0.299122  50.220192
 623.0  0.298487  50.293636
 624.0  0.297941  50.356850
 625.0  0.297380  50.422035
 626.0  0.296802  50.489140
 627.0  0.296170  50.562683
 628.0  0.295562  50.633518
 629.0  0.294989  50.700314
 630.0  0.294431  50.765530
 631.0  0.293888  50.829056
 632.0  0.293387  50.887672
 633.0  0.292800  50.956581
 634.0  0.292262  51.019676
 635.0  0.291694  51.086491
 636.0  0.291105  51.155853
 637.0  0.290555  51.220596
 638.0  0.289999  51.286198
 639.0  0.289429  51.353603
 640.0  0.288802  51.427830
 641.0  0.288275  51.490265
 642.0  0.287783  51.548626
 643.0  0.287185  51.619606
 644.0  0.286657  51.682457
 645.0  0.286102  51.748493
 646.0  0.285563  51.812820
 647.0  0.285072  51.871391
 648.0  0.284551  51.933681
 649.0  0.283907  52.010685
 650.0  0.283020  52.117027
 651.0  0.282474  52.182602
 652.0  0.281304  52.323463
 653.0  0.280976  52.362988
 654.0  0.280260  52.449341
 655.0  0.279620  52.526707
 656.0  0.279154  52.583069
 657.0  0.278639  52.645458
 658.0  0.278200  52.698666
 659.0  0.277675  52.762466
 660.0  0.277224  52.817253
 661.0  0.276702  52.880779
 662.0  0.276176  52.944885
 663.0  0.275669  53.006702
 664.0  0.275180  53.066402
 665.0  0.274659  53.130199
 666.0  0.274157  53.191589
 667.0  0.273655  53.253136
 668.0  0.273216  53.306911
 669.0  0.272708  53.369396
 670.0  0.272199  53.431973
 671.0  0.271708  53.492359
 672.0  0.271227  53.551697
 673.0  0.270752  53.610233
 674.0  0.270293  53.666977
 675.0  0.269840  53.722984
 676.0  0.269243  53.796883
 677.0  0.268716  53.862164
 678.0  0.268221  53.923599
 679.0  0.267809  53.974747
 680.0  0.267344  54.032589
 681.0  0.266905  54.087299
 682.0  0.266468  54.141663
 683.0  0.266022  54.197289
 684.0  0.265563  54.254669
 685.0  0.265110  54.311214
 686.0  0.264666  54.366863
 687.0  0.264191  54.426380
 688.0  0.263714  54.486187
 689.0  0.263252  54.544109
 690.0  0.262753  54.606865
 691.0  0.262295  54.664421
 692.0  0.261811  54.725346
 693.0  0.261383  54.779312
 694.0  0.260922  54.837521
 695.0  0.260530  54.887020
 696.0  0.260092  54.942505
 697.0  0.259711  54.990650
 698.0  0.259236  55.050880
 699.0  0.258790  55.107452
 700.0  0.258340  55.164539
 701.0  0.257908  55.219395
 702.0  0.257480  55.273884
 703.0  0.257054  55.328075
 704.0  0.256652  55.379322
 705.0  0.256282  55.426620
 706.0  0.255867  55.479496
 707.0  0.255492  55.527504
 708.0  0.255099  55.577702
 709.0  0.254579  55.644302
 710.0  0.254211  55.691547
 711.0  0.253773  55.747707
 712.0  0.253330  55.804615
 713.0  0.252902  55.859619
 714.0  0.252457  55.916931
 715.0  0.252061  55.967865
 716.0  0.251707  56.013512
 717.0  0.251325  56.062778
 718.0  0.250856  56.123383
 719.0  0.250453  56.175476
 720.0  0.250007  56.233177
 721.0  0.249608  56.284924
 722.0  0.249241  56.332436
 723.0  0.248747  56.396641
 724.0  0.248386  56.443474
 725.0  0.247900  56.506645
 726.0  0.247431  56.567757
 727.0  0.246991  56.625099
 728.0  0.246528  56.685482
 729.0  0.246113  56.739750
 730.0  0.245820  56.777966
 731.0  0.245438  56.827984
 732.0  0.244950  56.891899
 733.0  0.244640  56.932499
 734.0  0.244189  56.991650
 735.0  0.243760  57.047977
 736.0  0.243294  57.109188
 737.0  0.242851  57.167534
 738.0  0.242392  57.227917
 739.0  0.242009  57.278393
 740.0  0.241693  57.320057
 741.0  0.241434  57.354275
 742.0  0.241143  57.392700
 743.0  0.240869  57.428913
 744.0  0.240394  57.491749
 745.0  0.240014  57.542175
 746.0  0.239593  57.597897
 747.0  0.239223  57.647053
 748.0  0.238731  57.712379
 749.0  0.238424  57.753216
 750.0  0.237822  57.833344
 751.0  0.237385  57.891571
 752.0  0.237121  57.926716
 753.0  0.236621  57.993389
 754.0  0.236226  58.046249
 755.0  0.235759  58.108723
 756.0  0.235408  58.155621
 757.0  0.235058  58.202602
 758.0  0.234666  58.255108
 759.0  0.234300  58.304234
 760.0  0.233876  58.361221
 761.0  0.233568  58.402534
 762.0  0.232940  58.487095
 763.0  0.232550  58.539616
 764.0  0.232081  58.602924
 765.0  0.231720  58.651558
 766.0  0.231259  58.713943
 767.0  0.230905  58.761730
 768.0  0.230526  58.813110
 769.0  0.230224  58.854000
 770.0  0.229814  58.909565
 771.0  0.229370  58.969894
 772.0  0.229065  59.011333
 773.0  0.228653  59.067242
 774.0  0.228207  59.128040
 775.0  0.227895  59.170448
 776.0  0.227469  59.228588
 777.0  0.227012  59.290890
 778.0  0.226629  59.343250
 779.0  0.226242  59.396069
 780.0  0.225870  59.447006
 781.0  0.225475  59.501122
 782.0  0.225188  59.540447
 783.0  0.224751  59.600327
 784.0  0.224419  59.645973
 785.0  0.224028  59.699615
 786.0  0.223670  59.748844
 787.0  0.223275  59.803238
 788.0  0.222948  59.848381
 789.0  0.222495  59.910755
 790.0  0.222120  59.962597
 791.0  0.221774  60.010365
 792.0  0.221298  60.076073
 793.0  0.220987  60.119164
 794.0  0.220686  60.160843
 795.0  0.220330  60.210255
 796.0  0.219899  60.270031
 797.0  0.219557  60.317432
 798.0  0.219210  60.365730
 799.0  0.218792  60.423782
 800.0  0.218333  60.487671
 801.0  0.217977  60.537304
 802.0  0.217663  60.581104
 803.0  0.217184  60.647923
 804.0  0.216874  60.691189
 805.0  0.216453  60.750156
 806.0  0.216134  60.794781
 807.0  0.215738  60.850224
 808.0  0.215362  60.902843
 809.0  0.215047  60.947025
 810.0  0.214665  61.000751
 811.0  0.214218  61.063557
 812.0  0.213844  61.116192
 813.0  0.213397  61.179085
 814.0  0.212988  61.236660
 815.0  0.212591  61.292744
 816.0  0.212117  61.359707
 817.0  0.211765  61.409447
 818.0  0.211342  61.469250
 819.0  0.210933  61.527134
 820.0  0.210528  61.584648
 821.0  0.210221  61.628124
 822.0  0.209854  61.680214
 823.0  0.209570  61.720642
 824.0  0.209131  61.783070
 825.0  0.208821  61.827160
 826.0  0.208316  61.899109
 827.0  0.207956  61.950424
 828.0  0.207633  61.996506
 829.0  0.207295  62.044754
 830.0  0.206905  62.100433
 831.0  0.206556  62.150383
 832.0  0.206225  62.197842
 833.0  0.205875  62.247887
 834.0  0.205627  62.283451
 835.0  0.205250  62.337551
 836.0  0.204852  62.394745
 837.0  0.204557  62.437199
 838.0  0.204163  62.493763
 839.0  0.203835  62.541092
 840.0  0.203456  62.595570
 841.0  0.203026  62.657627
 842.0  0.202764  62.695492
 843.0  0.202334  62.757599
 844.0  0.202014  62.803764
 845.0  0.201661  62.854813
 846.0  0.201304  62.906525
 847.0  0.200916  62.962753
 848.0  0.200584  63.010971
 849.0  0.200271  63.056355
 850.0  0.200202  63.066463
 851.0  0.199654  63.145954
 852.0  0.199280  63.200386
 853.0  0.198952  63.248112
 854.0  0.198693  63.285934
 855.0  0.198323  63.339844
 856.0  0.198087  63.374245
 857.0  0.197752  63.423107
 858.0  0.197385  63.476803
 859.0  0.197015  63.530838
 860.0  0.196691  63.578274
 861.0  0.196188  63.651943
 862.0  0.195978  63.682842
 863.0  0.195573  63.742233
 864.0  0.195203  63.796459
 865.0  0.194967  63.831196
 866.0  0.194623  63.881832
 867.0  0.194293  63.930386
 868.0  0.193955  63.980103
 869.0  0.193604  64.031898
 870.0  0.193193  64.092461
 871.0  0.192954  64.127708
 872.0  0.192558  64.186295
 873.0  0.192275  64.228134
 874.0  0.191954  64.275543
 875.0  0.191588  64.329781
 876.0  0.191161  64.393028
 877.0  0.190834  64.441544
 878.0  0.190509  64.489769
 879.0  0.190274  64.524628
 880.0  0.189807  64.594116
 881.0  0.189434  64.649597
 882.0  0.189131  64.694725
 883.0  0.188917  64.726624
 884.0  0.188597  64.774307
 885.0  0.188317  64.816109
 886.0  0.188027  64.859444
 887.0  0.187814  64.891174
 888.0  0.187384  64.955544
 889.0  0.186999  65.013107
 890.0  0.186765  65.048126
 891.0  0.186500  65.087921
 892.0  0.186262  65.123466
 893.0  0.185807  65.191772
 894.0  0.185555  65.229607
 895.0  0.185334  65.262848
 896.0  0.185047  65.305946
 897.0  0.184795  65.343941
 898.0  0.184453  65.395348
 899.0  0.184219  65.430672
 900.0  0.183850  65.486259
 901.0  0.183499  65.539215
 902.0  0.183262  65.575027
 903.0  0.182973  65.618599
 904.0  0.182609  65.673599
 905.0  0.182374  65.709206
 906.0  0.182163  65.741089
 907.0  0.181788  65.797829
 908.0  0.181441  65.850441
 909.0  0.181123  65.898720
 910.0  0.180873  65.936737
 911.0  0.180598  65.978447
 912.0  0.180347  66.016563
 913.0  0.180112  66.052254
 914.0  0.179718  66.112206
 915.0  0.179292  66.177147
 916.0  0.179027  66.217537
 917.0  0.178794  66.253029
 918.0  0.178467  66.302948
 919.0  0.178300  66.328415
 920.0  0.178053  66.366165
 921.0  0.177793  66.405907
 922.0  0.177439  66.460144
 923.0  0.177175  66.500488
 924.0  0.176854  66.549759
 925.0  0.176635  66.583191
 926.0  0.176416  66.616829
 927.0  0.176104  66.664772
 928.0  0.175960  66.686867
 929.0  0.175670  66.731361
 930.0  0.175390  66.774399
 931.0  0.175182  66.806335
 932.0  0.174960  66.840492
 933.0  0.174802  66.864899
 934.0  0.174515  66.909088
 935.0  0.174265  66.947556
 936.0  0.173945  66.996986
 937.0  0.173692  67.035988
 938.0  0.173443  67.074417
 939.0  0.173126  67.123413
 940.0  0.172923  67.154816
 941.0  0.172675  67.193222
 942.0  0.172349  67.243614
 943.0  0.172147  67.274887
 944.0  0.171825  67.324783
 945.0  0.171649  67.352028
 946.0  0.171463  67.380928
 947.0  0.171125  67.433441
 948.0  0.170921  67.465096
 949.0  0.170784  67.486343
 950.0  0.170772  67.488159
 951.0  0.170256  67.568474
 952.0  0.170033  67.603088
 953.0  0.169880  67.627052
 954.0  0.169621  67.667328
 955.0  0.169381  67.704666
 956.0  0.169190  67.734467
 957.0  0.168957  67.770790
 958.0  0.168668  67.815948
 959.0  0.168463  67.848030
 960.0  0.168326  67.869377
 961.0  0.168088  67.906593
 962.0  0.167763  67.957420
 963.0  0.167554  67.990181
 964.0  0.167308  68.028732
 965.0  0.167059  68.067680
 966.0  0.166794  68.109283
 967.0  0.166602  68.139275
 968.0  0.166392  68.172256
 969.0  0.166122  68.214767
 970.0  0.165855  68.256706
 971.0  0.165633  68.291595
 972.0  0.165398  68.328499
 973.0  0.165291  68.345322
 974.0  0.165110  68.373772
 975.0  0.164951  68.398811
 976.0  0.164820  68.419449
 977.0  0.161714  68.910622
 978.0  0.165205  68.358925
 979.0  0.164277  68.505104
 980.0  0.163773  68.584724
 981.0  0.163567  68.617249
 982.0  0.163402  68.643204
 983.0  0.163179  68.678581
 984.0  0.162956  68.713860
 985.0  0.162807  68.737404
 986.0  0.162574  68.774338
 987.0  0.162445  68.794632
 988.0  0.162110  68.847794
 989.0  0.162005  68.864426
 990.0  0.161792  68.898193
 991.0  0.161594  68.929649
 992.0  0.161444  68.953499
 993.0  0.161221  68.988914
 994.0  0.161044  69.017044
 995.0  0.160915  69.037415
 996.0  0.160757  69.062622
 997.0  0.160646  69.080330
 998.0  0.160445  69.112228
 999.0  0.160502  69.103142
1000.0  0.160282  69.138145
1001.0  0.160192  69.152496
1002.0  0.160008  69.181870
1003.0  0.159850  69.207016
1004.0  0.159771  69.219574
1005.0  0.159659  69.237434
1006.0  0.159461  69.269012
1007.0  0.159308  69.293427
1008.0  0.159116  69.324112
1009.0  0.159150  69.318581
1010.0  0.159066  69.331970
1011.0  0.158872  69.363075
1012.0  0.158752  69.382118
1013.0  0.158535  69.416924
1014.0  0.158392  69.439751
1015.0  0.158016  69.499840
1016.0  0.158116  69.483948
1017.0  0.157090  69.648262
1018.0  0.157487  69.584557
1019.0  0.157414  69.596245
1020.0  0.157121  69.643181
1021.0  0.156739  69.704529
1022.0  0.156180  69.794304
1023.0  0.155829  69.850800
1024.0  0.155535  69.898117
1025.0  0.155980  69.826454
1026.0  0.156243  69.784225
1027.0  0.156231  69.786125
1028.0  0.156429  69.754272
1029.0  0.156463  69.748802
1030.0  0.156724  69.706863
1031.0  0.156784  69.697357
1032.0  0.156801  69.694565
1033.0  0.156757  69.701622
1034.0  0.156644  69.719841
1035.0  0.156607  69.725655
1036.0  0.156382  69.761917
1037.0  0.156371  69.763680
1038.0  0.156438  69.752838
1039.0  0.156602  69.726463
1040.0  0.156666  69.716316
1041.0  0.156634  69.721390
1042.0  0.156458  69.749641
1043.0  0.156404  69.758354
1044.0  0.156193  69.792252
1045.0  0.155998  69.823486
1046.0  0.156170  69.795952
1047.0  0.099104  79.596886
1048.0  0.106963  78.169456
1049.0  0.116551  76.462646
1050.0  0.125215  74.952316
1051.0  0.133694  73.503212
1052.0  0.143972  71.784012
1053.0  0.156465  69.748451
1054.0  0.155830  69.850571
1055.0  0.155750  69.863518
1056.0  0.155735  69.865891
1057.0  0.156109  69.805763
1058.0  0.156344  69.768005
1059.0  0.156390  69.760612
1060.0  0.156327  69.770683
1061.0  0.156153  69.798691
1062.0  0.156211  69.789284
1063.0  0.156149  69.799301
1064.0  0.155960  69.829674
1065.0  0.156253  69.782616
1066.0  0.156665  69.716454
1067.0  0.157136  69.640862
1068.0  0.156785  69.697144
1069.0  0.156880  69.681862
1070.0  0.156929  69.674080
1071.0  0.157027  69.658264
1072.0  0.156907  69.677574
1073.0  0.156816  69.692230
1074.0  0.156754  69.702156
1075.0  0.157053  69.654129
1076.0  0.085924  82.049438
1077.0  0.085920  82.050339
1078.0  0.083869  82.438614
1079.0  0.089755  81.328842
1080.0  0.094449  80.454613
1081.0  0.108207  77.945770
1082.0  0.121211  75.646599
1083.0  0.130138  74.107506
1084.0  0.139374  72.548050
1085.0  0.147944  71.130585
1086.0  0.155776  69.859337
1087.0  0.163813  68.578270
1088.0  0.157861  69.524757
1089.0  0.158519  69.419365
1090.0  0.159932  69.193985
1091.0  0.164879  68.410263
1092.0  0.155331  69.930916
1093.0  0.131606  73.857422
1094.0  0.148777  70.994217
1095.0  0.164911  68.405159
1096.0  0.167475  68.002541
1097.0  0.173451  67.073219
1098.0  0.166510  68.153831
1099.0  0.167228  68.041191
1100.0  0.170126  67.588615
