 WL        Abs       T%
 190.0  2.572915   0.267353
 191.0  2.739958   0.181988
 192.0  2.657765   0.219905
 193.0  2.746998   0.179061
 194.0  2.936540   0.115734
 195.0  2.900352   0.125791
 196.0  2.886083   0.129992
 197.0  2.911487   0.122606
 198.0  3.185018   0.065310
 199.0  2.876476   0.132900
 200.0  2.946266   0.113171
 201.0  3.148013   0.071119
 202.0  3.139795   0.072478
 203.0  3.043905   0.090385
 204.0  3.188006   0.064862
 205.0  3.249826   0.056257
 206.0  3.387666   0.040958
 207.0  3.319188   0.047953
 208.0  3.172537   0.067215
 209.0  3.271193   0.053556
 210.0  3.581209   0.026230
 211.0  3.438136   0.036464
 212.0  3.438568   0.036428
 213.0  3.468031   0.034038
 214.0  3.419604   0.038054
 215.0  3.612481   0.024407
 216.0  3.640097   0.022904
 217.0  3.683066   0.020746
 218.0  3.613841   0.024331
 219.0  3.555045   0.027858
 220.0  3.624742   0.023728
 221.0  3.643728   0.022713
 222.0  3.827729   0.014869
 223.0  3.798306   0.015911
 224.0  3.627912   0.023555
 225.0  3.599940   0.025122
 226.0  3.598179   0.025224
 227.0  3.665831   0.021586
 228.0  3.766768   0.017109
 229.0  3.798576   0.015901
 230.0  3.661835   0.021785
 231.0  3.703418   0.019796
 232.0  3.776603   0.016726
 233.0  3.789919   0.016221
 234.0  3.821404   0.015087
 235.0  3.771540   0.016922
 236.0  3.808655   0.015536
 237.0  3.846028   0.014255
 238.0  3.843894   0.014325
 239.0  3.796186   0.015989
 240.0  3.823660   0.015009
 241.0  3.866232   0.013607
 242.0  3.915869   0.012138
 243.0  3.862821   0.013714
 244.0  3.607106   0.024711
 245.0  3.811679   0.015428
 246.0  3.794281   0.016059
 247.0  3.731482   0.018557
 248.0  3.690695   0.020385
 249.0  3.777090   0.016707
 250.0  3.809356   0.015511
 251.0  3.748279   0.017853
 252.0  3.822187   0.015060
 253.0  3.827652   0.014871
 254.0  3.823737   0.015006
 255.0  3.739202   0.018230
 256.0  3.669670   0.021396
 257.0  3.771567   0.016921
 258.0  3.872454   0.013414
 259.0  3.784369   0.016430
 260.0  3.704562   0.019744
 261.0  3.779325   0.016622
 262.0  3.802315   0.015765
 263.0  3.632665   0.023299
 264.0  3.680672   0.020861
 265.0  3.472450   0.033694
 266.0  3.668441   0.021456
 267.0  3.594328   0.025449
 268.0  3.598672   0.025196
 269.0  3.625011   0.023713
 270.0  3.562452   0.027387
 271.0  3.677103   0.021033
 272.0  3.759782   0.017387
 273.0  3.644074   0.022695
 274.0  3.552858   0.027999
 275.0  3.650455   0.022364
 276.0  3.574750   0.026623
 277.0  3.566736   0.027118
 278.0  3.504305   0.031311
 279.0  3.533529   0.029273
 280.0  3.587697   0.025841
 281.0  3.556159   0.027787
 282.0  3.565480   0.027197
 283.0  3.387194   0.041002
 284.0  3.368828   0.042773
 285.0  3.361086   0.043543
 286.0  3.245608   0.056806
 287.0  3.117598   0.076278
 288.0  2.963270   0.108825
 289.0  2.883041   0.130906
 290.0  2.696037   0.201355
 291.0  2.605618   0.247960
 292.0  2.438012   0.364744
 293.0  2.313206   0.486176
 294.0  2.217395   0.606185
 295.0  2.088888   0.814914
 296.0  1.927403   1.181945
 297.0  1.825514   1.494467
 298.0  1.729705   1.863353
 299.0  1.600327   2.509993
 300.0  1.539308   2.888628
 301.0  1.455703   3.501849
 302.0  1.345655   4.511745
 303.0  1.277010   5.284334
 304.0  1.209122   6.178429
 305.0  1.142359   7.205116
 306.0  1.073798   8.437272
 307.0  1.009847   9.775823
 308.0  0.953637  11.126614
 309.0  0.902486  12.517394
 310.0  0.849729  14.134202
 311.0  0.802498  15.758029
 312.0  0.753760  17.629492
 313.0  0.708976  19.544462
 314.0  0.669188  21.419649
 315.0  0.631758  23.347588
 316.0  0.599891  25.125179
 317.0  0.568479  27.009804
 318.0  0.539067  28.902330
 319.0  0.511747  30.778885
 320.0  0.486912  32.590290
 321.0  0.465397  34.245499
 322.0  0.443421  36.022957
 323.0  0.423578  37.707008
 324.0  0.404081  39.438332
 325.0  0.385420  41.169899
 326.0  0.368359  42.819408
 327.0  0.352406  44.421600
 328.0  0.339031  45.810959
 329.0  0.326507  47.151268
 330.0  0.314880  48.430588
 331.0  0.303804  49.681618
 332.0  0.293721  50.848591
 333.0  0.284653  51.921520
 334.0  0.276571  52.896732
 335.0  0.268608  53.875546
 336.0  0.261188  54.804024
 337.0  0.253913  55.729748
 338.0  0.247733  56.528503
 339.0  0.245071  56.876034
 340.0  0.253758  55.749638
 341.0  0.248574  56.419048
 342.0  0.243897  57.029926
 343.0  0.239831  57.566364
 344.0  0.235759  58.108627
 345.0  0.232075  58.603714
 346.0  0.228692  59.061954
 347.0  0.225489  59.499245
 348.0  0.222439  59.918453
 349.0  0.219668  60.302067
 350.0  0.216969  60.677979
 351.0  0.214156  61.072308
 352.0  0.212017  61.373856
 353.0  0.209946  61.667179
 354.0  0.207921  61.955391
 355.0  0.205941  62.238419
 356.0  0.204290  62.475533
 357.0  0.202526  62.729767
 358.0  0.201016  62.948322
 359.0  0.199440  63.177074
 360.0  0.198039  63.381325
 361.0  0.196794  63.563232
 362.0  0.195901  63.694012
 363.0  0.194472  63.904034
 364.0  0.193367  64.066833
 365.0  0.192169  64.243828
 366.0  0.191166  64.392357
 367.0  0.190630  64.471870
 368.0  0.189331  64.664970
 369.0  0.188540  64.782791
 370.0  0.188119  64.845718
 371.0  0.185471  65.242233
 372.0  0.184961  65.318977
 373.0  0.184486  65.390381
 374.0  0.183904  65.478119
 375.0  0.183207  65.583221
 376.0  0.182937  65.624008
 377.0  0.182523  65.686668
 378.0  0.181947  65.773758
 379.0  0.181176  65.890671
 380.0  0.180774  65.951721
 381.0  0.179730  66.110443
 382.0  0.178971  66.226028
 383.0  0.177781  66.407822
 384.0  0.176352  66.626701
 385.0  0.175283  66.790787
 386.0  0.174122  66.969666
 387.0  0.172894  67.159271
 388.0  0.171589  67.361435
 389.0  0.170609  67.513580
 390.0  0.169390  67.703293
 391.0  0.168264  67.879082
 392.0  0.167356  68.021080
 393.0  0.166572  68.144081
 394.0  0.165566  68.302055
 395.0  0.164754  68.429855
 396.0  0.163695  68.596962
 397.0  0.162980  68.710052
 398.0  0.161814  68.894768
 399.0  0.161319  68.973221
 400.0  0.160228  69.146729
 401.0  0.159679  69.234222
 402.0  0.158194  69.471344
 403.0  0.157388  69.600388
 404.0  0.157160  69.637024
 405.0  0.156246  69.783653
 406.0  0.155113  69.966072
 407.0  0.154788  70.018349
 408.0  0.153876  70.165489
 409.0  0.152906  70.322380
 410.0  0.152521  70.384857
 411.0  0.151579  70.537704
 412.0  0.150609  70.695351
 413.0  0.150288  70.747688
 414.0  0.149379  70.895821
 415.0  0.148440  71.049393
 416.0  0.147864  71.143707
 417.0  0.147127  71.264458
 418.0  0.146318  71.397377
 419.0  0.145597  71.515892
 420.0  0.144828  71.642639
 421.0  0.144170  71.751411
 422.0  0.143662  71.835258
 423.0  0.142645  72.003693
 424.0  0.142082  72.097076
 425.0  0.141302  72.226723
 426.0  0.140786  72.312576
 427.0  0.140044  72.436279
 428.0  0.139454  72.534729
 429.0  0.137712  72.826317
 430.0  0.137108  72.927559
 431.0  0.136664  73.002220
 432.0  0.135937  73.124542
 433.0  0.135279  73.235359
 434.0  0.134792  73.317528
 435.0  0.134167  73.423172
 436.0  0.133504  73.535278
 437.0  0.132882  73.640656
 438.0  0.132149  73.765114
 439.0  0.131540  73.868553
 440.0  0.131151  73.934822
 441.0  0.129696  74.182953
 442.0  0.129077  74.288666
 443.0  0.128391  74.406174
 444.0  0.128028  74.468330
 445.0  0.128075  74.460419
 446.0  0.126529  74.725815
 447.0  0.126044  74.809326
 448.0  0.125832  74.845863
 449.0  0.125335  74.931602
 450.0  0.124286  75.112778
 451.0  0.123287  75.285774
 452.0  0.122481  75.425705
 453.0  0.121919  75.523239
 454.0  0.121252  75.639420
 455.0  0.120602  75.752739
 456.0  0.120645  75.745193
 457.0  0.119462  75.951828
 458.0  0.119005  76.031761
 459.0  0.118423  76.133774
 460.0  0.117859  76.232559
 461.0  0.117302  76.330406
 462.0  0.116707  76.435089
 463.0  0.116529  76.466545
 464.0  0.115697  76.613068
 465.0  0.115196  76.701508
 466.0  0.114648  76.798370
 467.0  0.114232  76.871933
 468.0  0.113600  76.983978
 469.0  0.113218  77.051582
 470.0  0.112950  77.099228
 471.0  0.112421  77.193230
 472.0  0.112046  77.259956
 473.0  0.111734  77.315475
 474.0  0.111150  77.419518
 475.0  0.110957  77.453842
 476.0  0.110306  77.570053
 477.0  0.109665  77.684692
 478.0  0.109136  77.779343
 479.0  0.108799  77.839615
 480.0  0.108547  77.884811
 481.0  0.107921  77.997284
 482.0  0.107475  78.077309
 483.0  0.107094  78.145790
 484.0  0.106546  78.244545
 485.0  0.106139  78.317863
 486.0  0.105722  78.393051
 487.0  0.105650  78.406136
 488.0  0.104971  78.528732
 489.0  0.104280  78.653786
 490.0  0.104269  78.655930
 491.0  0.103828  78.735764
 492.0  0.103376  78.817719
 493.0  0.103001  78.885834
 494.0  0.102127  79.044685
 495.0  0.101836  79.097733
 496.0  0.101725  79.117950
 497.0  0.101282  79.198730
 498.0  0.101009  79.248405
 499.0  0.100655  79.313057
 500.0  0.100077  79.418694
 501.0  0.099586  79.508537
 502.0  0.098903  79.633644
 503.0  0.098729  79.665718
 504.0  0.098412  79.723816
 505.0  0.098008  79.798012
 506.0  0.097448  79.900894
 507.0  0.096961  79.990669
 508.0  0.096835  80.013840
 509.0  0.096260  80.119858
 510.0  0.095901  80.186058
 511.0  0.095965  80.174263
 512.0  0.095221  80.311813
 513.0  0.094767  80.395668
 514.0  0.094347  80.473587
 515.0  0.094113  80.516983
 516.0  0.093749  80.584488
 517.0  0.093197  80.686874
 518.0  0.092792  80.762146
 519.0  0.092446  80.826546
 520.0  0.091976  80.913986
 521.0  0.092085  80.893845
 522.0  0.091649  80.975090
 523.0  0.091478  81.006989
 524.0  0.090825  81.128845
 525.0  0.090324  81.222382
 526.0  0.089950  81.292419
 527.0  0.089848  81.311478
 528.0  0.089721  81.335274
 529.0  0.088850  81.498543
 530.0  0.088513  81.561920
 531.0  0.088462  81.571350
 532.0  0.087955  81.666679
 533.0  0.087846  81.687233
 534.0  0.087280  81.793655
 535.0  0.087194  81.809891
 536.0  0.086743  81.895020
 537.0  0.086031  82.029350
 538.0  0.086217  81.994209
 539.0  0.085742  82.083862
 540.0  0.085341  82.159668
 541.0  0.084914  82.240555
 542.0  0.084771  82.267578
 543.0  0.084557  82.308144
 544.0  0.084145  82.386353
 545.0  0.083950  82.423317
 546.0  0.083639  82.482315
 547.0  0.083456  82.517097
 548.0  0.083750  82.461243
 549.0  0.083214  82.563187
 550.0  0.082653  82.669838
 551.0  0.082775  82.646690
 552.0  0.082713  82.658493
 553.0  0.082240  82.748459
 554.0  0.081931  82.807465
 555.0  0.081521  82.885551
 556.0  0.081212  82.944595
 557.0  0.080840  83.015564
 558.0  0.080328  83.113609
 559.0  0.080079  83.161232
 560.0  0.079685  83.236641
 561.0  0.079303  83.310036
 562.0  0.078976  83.372650
 563.0  0.078647  83.435860
 564.0  0.078539  83.456589
 565.0  0.078196  83.522682
 566.0  0.077864  83.586441
 567.0  0.077881  83.583252
 568.0  0.077845  83.590179
 569.0  0.077433  83.669518
 570.0  0.077371  83.681458
 571.0  0.077200  83.714287
 572.0  0.077268  83.701332
 573.0  0.077250  83.704727
 574.0  0.077148  83.724442
 575.0  0.076671  83.816422
 576.0  0.076063  83.933838
 577.0  0.076303  83.887383
 578.0  0.076034  83.939507
 579.0  0.076050  83.936279
 580.0  0.075481  84.046341
 581.0  0.075309  84.079597
 582.0  0.074778  84.182495
 583.0  0.074553  84.226158
 584.0  0.074755  84.186935
 585.0  0.074226  84.289665
 586.0  0.074287  84.277679
 587.0  0.073698  84.392082
 588.0  0.073917  84.349586
 589.0  0.073284  84.472694
 590.0  0.073419  84.446335
 591.0  0.073526  84.425613
 592.0  0.072931  84.541374
 593.0  0.072943  84.539032
 594.0  0.072655  84.594971
 595.0  0.072444  84.636246
 596.0  0.072341  84.656250
 597.0  0.072312  84.661827
 598.0  0.072028  84.717293
 599.0  0.071949  84.732780
 600.0  0.071727  84.776100
 601.0  0.071858  84.750435
 602.0  0.071469  84.826447
 603.0  0.071394  84.841003
 604.0  0.071272  84.864830
 605.0  0.070814  84.954445
 606.0  0.070803  84.956635
 607.0  0.070810  84.955238
 608.0  0.070681  84.980423
 609.0  0.070359  85.043526
 610.0  0.070570  85.002075
 611.0  0.070284  85.058136
 612.0  0.070238  85.067177
 613.0  0.069935  85.126503
 614.0  0.069832  85.146675
 615.0  0.069687  85.175262
 616.0  0.069701  85.172363
 617.0  0.069528  85.206360
 618.0  0.069444  85.222778
 619.0  0.069416  85.228394
 620.0  0.069371  85.237259
 621.0  0.069126  85.285355
 622.0  0.069318  85.247536
 623.0  0.068974  85.315208
 624.0  0.068952  85.319351
 625.0  0.068717  85.365669
 626.0  0.068627  85.383217
 627.0  0.068489  85.410408
 628.0  0.068302  85.447319
 629.0  0.068201  85.467163
 630.0  0.068304  85.446877
 631.0  0.068109  85.485161
 632.0  0.068044  85.498070
 633.0  0.067880  85.530342
 634.0  0.067883  85.529755
 635.0  0.067714  85.562981
 636.0  0.067659  85.573807
 637.0  0.067571  85.591217
 638.0  0.067558  85.593750
 639.0  0.067405  85.623970
 640.0  0.067231  85.658150
 641.0  0.067258  85.652977
 642.0  0.067206  85.663231
 643.0  0.067096  85.684868
 644.0  0.066836  85.736176
 645.0  0.066938  85.716011
 646.0  0.066939  85.715729
 647.0  0.066715  85.760071
 648.0  0.066790  85.745308
 649.0  0.066767  85.749802
 650.0  0.066887  85.726059
 651.0  0.066675  85.767998
 652.0  0.066727  85.757622
 653.0  0.066650  85.772896
 654.0  0.066517  85.799248
 655.0  0.066350  85.832085
 656.0  0.066234  85.855080
 657.0  0.066070  85.887566
 658.0  0.066022  85.897064
 659.0  0.066062  85.889046
 660.0  0.066151  85.871414
 661.0  0.066246  85.852798
 662.0  0.066122  85.877235
 663.0  0.066090  85.883507
 664.0  0.066090  85.883598
 665.0  0.066029  85.895676
 666.0  0.066056  85.890297
 667.0  0.065913  85.918640
 668.0  0.065723  85.956123
 669.0  0.065542  85.992043
 670.0  0.065887  85.923737
 671.0  0.065654  85.969833
 672.0  0.065486  86.003044
 673.0  0.065637  85.973206
 674.0  0.065597  85.981087
 675.0  0.065546  85.991264
 676.0  0.065520  85.996429
 677.0  0.065554  85.989655
 678.0  0.065465  86.007317
 679.0  0.065424  86.015434
 680.0  0.065315  86.036903
 681.0  0.065223  86.055275
 682.0  0.064982  86.102959
 683.0  0.065052  86.089035
 684.0  0.065081  86.083412
 685.0  0.065010  86.097328
 686.0  0.064963  86.106712
 687.0  0.064942  86.110947
 688.0  0.064985  86.102364
 689.0  0.064981  86.103218
 690.0  0.065055  86.088470
 691.0  0.064908  86.117561
 692.0  0.064787  86.141609
 693.0  0.064754  86.148132
 694.0  0.065042  86.091019
 695.0  0.064654  86.168045
 696.0  0.064775  86.144089
 697.0  0.064716  86.155678
 698.0  0.064589  86.180939
 699.0  0.064441  86.210350
 700.0  0.064603  86.178024
 701.0  0.064404  86.217659
 702.0  0.064537  86.191132
 703.0  0.064502  86.198135
 704.0  0.064543  86.190117
 705.0  0.064352  86.227905
 706.0  0.064326  86.233093
 707.0  0.064313  86.235649
 708.0  0.064359  86.226585
 709.0  0.064177  86.262611
 710.0  0.064077  86.282578
 711.0  0.064046  86.288635
 712.0  0.064277  86.242821
 713.0  0.064178  86.262444
 714.0  0.063982  86.301453
 715.0  0.064074  86.283119
 716.0  0.064006  86.296646
 717.0  0.064220  86.254204
 718.0  0.064145  86.269028
 719.0  0.064092  86.279564
 720.0  0.063900  86.317780
 721.0  0.063958  86.306190
 722.0  0.063828  86.332085
 723.0  0.063719  86.353676
 724.0  0.063947  86.308327
 725.0  0.063740  86.349625
 726.0  0.063909  86.316025
 727.0  0.063605  86.376465
 728.0  0.063792  86.339195
 729.0  0.063691  86.359344
 730.0  0.063515  86.394295
 731.0  0.063621  86.373116
 732.0  0.063586  86.380066
 733.0  0.063477  86.401909
 734.0  0.063629  86.371696
 735.0  0.063416  86.413979
 736.0  0.063490  86.399269
 737.0  0.063265  86.443962
 738.0  0.063443  86.408638
 739.0  0.063419  86.413315
 740.0  0.063258  86.445343
 741.0  0.063555  86.386253
 742.0  0.063241  86.448898
 743.0  0.063355  86.426048
 744.0  0.063268  86.443398
 745.0  0.063395  86.418175
 746.0  0.063355  86.426147
 747.0  0.063285  86.439980
 748.0  0.063420  86.413193
 749.0  0.063462  86.404846
 750.0  0.063271  86.442871
 751.0  0.063333  86.430420
 752.0  0.063300  86.437057
 753.0  0.063164  86.464233
 754.0  0.063380  86.421211
 755.0  0.063295  86.438011
 756.0  0.063297  86.437675
 757.0  0.063214  86.454262
 758.0  0.063255  86.446075
 759.0  0.063200  86.457016
 760.0  0.063134  86.470161
 761.0  0.063229  86.451271
 762.0  0.063236  86.449707
 763.0  0.063136  86.469734
 764.0  0.063169  86.463043
 765.0  0.063190  86.459030
 766.0  0.063084  86.479988
 767.0  0.063185  86.459984
 768.0  0.063225  86.451935
 769.0  0.063221  86.452744
 770.0  0.063206  86.455803
 771.0  0.063015  86.493805
 772.0  0.063495  86.398232
 773.0  0.063278  86.441399
 774.0  0.063274  86.442284
 775.0  0.063201  86.456779
 776.0  0.063297  86.437584
 777.0  0.063355  86.426048
 778.0  0.063333  86.430534
 779.0  0.063213  86.454285
 780.0  0.063385  86.420189
 781.0  0.063326  86.431839
 782.0  0.063306  86.435898
 783.0  0.063387  86.419762
 784.0  0.063366  86.423965
 785.0  0.063388  86.419601
 786.0  0.063372  86.422661
 787.0  0.063380  86.421188
 788.0  0.063414  86.414360
 789.0  0.063393  86.418533
 790.0  0.063575  86.382385
 791.0  0.063365  86.424103
 792.0  0.063317  86.433739
 793.0  0.063481  86.400978
 794.0  0.063421  86.412933
 795.0  0.063463  86.404541
 796.0  0.063344  86.428261
 797.0  0.063318  86.433479
 798.0  0.063586  86.380066
 799.0  0.063475  86.402237
 800.0  0.063445  86.408142
 801.0  0.063501  86.396996
 802.0  0.063442  86.408905
 803.0  0.063405  86.416115
 804.0  0.063547  86.387886
 805.0  0.063481  86.401024
 806.0  0.063426  86.411934
 807.0  0.063444  86.408310
 808.0  0.063537  86.389885
 809.0  0.063497  86.397896
 810.0  0.063431  86.411011
 811.0  0.063506  86.396118
 812.0  0.063434  86.410393
 813.0  0.063423  86.412605
 814.0  0.063649  86.367592
 815.0  0.063403  86.416565
 816.0  0.063391  86.418961
 817.0  0.063305  86.436111
 818.0  0.063262  86.444626
 819.0  0.063422  86.412766
 820.0  0.063419  86.413315
 821.0  0.063372  86.422684
 822.0  0.063391  86.418938
 823.0  0.063372  86.422661
 824.0  0.063262  86.444603
 825.0  0.063335  86.430130
 826.0  0.063350  86.427139
 827.0  0.063510  86.395309
 828.0  0.063492  86.398773
 829.0  0.063172  86.462448
 830.0  0.063302  86.436729
 831.0  0.063381  86.420975
 832.0  0.063317  86.433647
 833.0  0.063192  86.458488
 834.0  0.063356  86.425934
 835.0  0.063224  86.452148
 836.0  0.063293  86.438385
 837.0  0.063256  86.445862
 838.0  0.063542  86.388863
 839.0  0.063560  86.385422
 840.0  0.063354  86.426338
 841.0  0.063252  86.446625
 842.0  0.063548  86.387703
 843.0  0.063317  86.433594
 844.0  0.063373  86.422516
 845.0  0.063213  86.454453
 846.0  0.063296  86.437866
 847.0  0.063241  86.448853
 848.0  0.063151  86.466820
 849.0  0.063350  86.427025
 850.0  0.063405  86.416115
 851.0  0.063155  86.465988
 852.0  0.063205  86.455925
 853.0  0.063594  86.378502
 854.0  0.063422  86.412766
 855.0  0.063501  86.397018
 856.0  0.063491  86.399155
 857.0  0.063358  86.425575
 858.0  0.063363  86.424530
 859.0  0.063349  86.427383
 860.0  0.063453  86.406601
 861.0  0.063464  86.404350
 862.0  0.063225  86.452011
 863.0  0.063267  86.443726
 864.0  0.063315  86.434143
 865.0  0.063325  86.432098
 866.0  0.063287  86.439644
 867.0  0.063128  86.471230
 868.0  0.063386  86.420029
 869.0  0.063252  86.446526
 870.0  0.063458  86.405579
 871.0  0.063005  86.495781
 872.0  0.063328  86.431458
 873.0  0.063167  86.463593
 874.0  0.063181  86.460815
 875.0  0.063466  86.404037
 876.0  0.063107  86.475578
 877.0  0.063250  86.446976
 878.0  0.063213  86.454384
 879.0  0.063165  86.463875
 880.0  0.063149  86.467033
 881.0  0.063114  86.474060
 882.0  0.063081  86.480728
 883.0  0.063108  86.475288
 884.0  0.063064  86.484024
 885.0  0.063222  86.452576
 886.0  0.063017  86.493431
 887.0  0.063022  86.492409
 888.0  0.063363  86.424561
 889.0  0.063084  86.480110
 890.0  0.062992  86.498436
 891.0  0.062980  86.500809
 892.0  0.062959  86.504990
 893.0  0.063257  86.445534
 894.0  0.063154  86.466179
 895.0  0.063059  86.484978
 896.0  0.063282  86.440712
 897.0  0.063050  86.486801
 898.0  0.063010  86.494896
 899.0  0.062885  86.519646
 900.0  0.062847  86.527290
 901.0  0.062919  86.512825
 902.0  0.062931  86.510521
 903.0  0.062786  86.539452
 904.0  0.062803  86.536102
 905.0  0.062712  86.554108
 906.0  0.062725  86.551659
 907.0  0.062913  86.514130
 908.0  0.062792  86.538239
 909.0  0.062794  86.537857
 910.0  0.062787  86.539215
 911.0  0.062635  86.569458
 912.0  0.062707  86.555176
 913.0  0.062650  86.566513
 914.0  0.062749  86.546722
 915.0  0.062779  86.540756
 916.0  0.062765  86.543510
 917.0  0.062823  86.531990
 918.0  0.062837  86.529190
 919.0  0.063004  86.496063
 920.0  0.063028  86.491287
 921.0  0.063151  86.466652
 922.0  0.062946  86.507629
 923.0  0.062895  86.517769
 924.0  0.062914  86.513847
 925.0  0.062897  86.517365
 926.0  0.063026  86.491623
 927.0  0.062855  86.525673
 928.0  0.062889  86.518906
 929.0  0.062906  86.515602
 930.0  0.062974  86.502045
 931.0  0.062964  86.503944
 932.0  0.063016  86.493614
 933.0  0.062994  86.497986
 934.0  0.063115  86.473938
 935.0  0.063019  86.493050
 936.0  0.063083  86.480324
 937.0  0.063088  86.479347
 938.0  0.063049  86.486992
 939.0  0.063163  86.464394
 940.0  0.063189  86.459244
 941.0  0.063104  86.476097
 942.0  0.063170  86.462898
 943.0  0.063116  86.473770
 944.0  0.063261  86.444893
 945.0  0.063228  86.451317
 946.0  0.063408  86.415588
 947.0  0.063474  86.402428
 948.0  0.063434  86.410324
 949.0  0.063432  86.410896
 950.0  0.063633  86.370842
 951.0  0.063590  86.379356
 952.0  0.063644  86.368568
 953.0  0.063667  86.364059
 954.0  0.063534  86.390572
 955.0  0.063678  86.361954
 956.0  0.063748  86.347969
 957.0  0.063627  86.372101
 958.0  0.063483  86.400673
 959.0  0.063543  86.388672
 960.0  0.063592  86.378929
 961.0  0.063753  86.346970
 962.0  0.063525  86.392227
 963.0  0.063513  86.394768
 964.0  0.063608  86.375847
 965.0  0.063815  86.334602
 966.0  0.063703  86.356857
 967.0  0.063659  86.365601
 968.0  0.063656  86.366241
 969.0  0.063796  86.338486
 970.0  0.063774  86.342751
 971.0  0.063709  86.355766
 972.0  0.063783  86.341026
 973.0  0.063676  86.362335
 974.0  0.063779  86.341782
 975.0  0.063691  86.359322
 976.0  0.063814  86.334885
 977.0  0.063850  86.327660
 978.0  0.063822  86.333176
 979.0  0.063716  86.354294
 980.0  0.063671  86.363235
 981.0  0.063848  86.328133
 982.0  0.063840  86.329575
 983.0  0.063611  86.375229
 984.0  0.063667  86.364113
 985.0  0.063696  86.358231
 986.0  0.063722  86.353043
 987.0  0.063758  86.345879
 988.0  0.063697  86.358139
 989.0  0.063909  86.315903
 990.0  0.063894  86.318939
 991.0  0.064009  86.296074
 992.0  0.064030  86.291809
 993.0  0.064038  86.290298
 994.0  0.064199  86.258354
 995.0  0.064208  86.256454
 996.0  0.064243  86.249496
 997.0  0.064283  86.241707
 998.0  0.064318  86.234749
 999.0  0.064310  86.236290
1000.0  0.064384  86.221680
1001.0  0.064456  86.207199
1002.0  0.064352  86.227882
1003.0  0.064165  86.265144
1004.0  0.064193  86.259537
1005.0  0.064300  86.238182
1006.0  0.064227  86.252716
1007.0  0.064204  86.257355
1008.0  0.064145  86.269005
1009.0  0.064207  86.256714
1010.0  0.064172  86.263748
1011.0  0.064116  86.274834
1012.0  0.064159  86.266327
1013.0  0.064136  86.270760
1014.0  0.064251  86.247978
1015.0  0.064328  86.232689
1016.0  0.064358  86.226822
1017.0  0.064208  86.256622
1018.0  0.064266  86.244972
1019.0  0.064110  86.276062
1020.0  0.064068  86.284401
1021.0  0.064337  86.230820
1022.0  0.063276  86.441925
1023.0  0.063210  86.454903
1024.0  0.062787  86.539284
1025.0  0.062910  86.514702
1026.0  0.063340  86.429161
1027.0  0.063283  86.440430
1028.0  0.063463  86.404701
1029.0  0.063330  86.431129
1030.0  0.063361  86.424866
1031.0  0.063338  86.429466
1032.0  0.063468  86.403633
1033.0  0.063390  86.419220
1034.0  0.063532  86.390808
1035.0  0.063430  86.411179
1036.0  0.063439  86.409355
1037.0  0.063508  86.395599
1038.0  0.063539  86.389503
1039.0  0.063448  86.407547
1040.0  0.063431  86.410965
1041.0  0.063352  86.426720
1042.0  0.063371  86.422943
1043.0  0.063318  86.433571
1044.0  0.063255  86.446007
1045.0  0.063231  86.450798
1046.0  0.063186  86.459839
1047.0  0.063275  86.441971
1048.0  0.063292  86.438629
1049.0  0.063245  86.448067
1050.0  0.063177  86.461617
1051.0  0.063289  86.439293
1052.0  0.062371  86.622154
1053.0  0.063230  86.450989
1054.0  0.063430  86.411156
1055.0  0.063405  86.416229
1056.0  0.063239  86.449303
1057.0  0.063257  86.445534
1058.0  0.063184  86.460175
1059.0  0.062989  86.498886
1060.0  0.063012  86.494308
1061.0  0.062993  86.498268
1062.0  0.062898  86.517174
1063.0  0.062892  86.518288
1064.0  0.062798  86.537048
1065.0  0.062942  86.508339
1066.0  0.063006  86.495659
1067.0  0.062840  86.528664
1068.0  0.062775  86.541542
1069.0  0.062761  86.544365
1070.0  0.062431  86.610222
1071.0  0.062427  86.610977
1072.0  0.062254  86.645485
1073.0  0.062092  86.677788
1074.0  0.062227  86.650909
1075.0  0.061930  86.710197
1076.0  0.061874  86.721413
1077.0  0.061837  86.728691
1078.0  0.061648  86.766457
1079.0  0.061668  86.762482
1080.0  0.061590  86.778061
1081.0  0.061329  86.830238
1082.0  0.061358  86.824425
1083.0  0.061355  86.824944
1084.0  0.061452  86.805649
1085.0  0.061221  86.851860
1086.0  0.061138  86.868500
1087.0  0.061273  86.841461
1088.0  0.061467  86.802689
1089.0  0.061750  86.746094
1090.0  0.062476  86.601280
1091.0  0.064031  86.291626
1092.0  0.063963  86.305244
1093.0  0.062389  86.618568
1094.0  0.051608  88.795723
1095.0  0.054469  88.212608
1096.0  0.056473  87.806488
1097.0  0.056276  87.846458
1098.0  0.055985  87.905243
1099.0  0.059066  87.283791
1100.0  0.061338  86.828499
